A 0 6
B 6 6
C 12 6
D 18 6
E 24 6
F 30 6
G 36 6
H 42 6
I 48 6
J 54 6
K 60 6
L 66 6
M 72 6
N 78 6
O 84 6
P 90 6
Q 96 6
R 102 6
S 108 6
T 114 6
U 120 6
V 126 6
W 132 6
X 138 6
Y 144 6
Z 150 6
a 156 6
b 162 6
c 168 6
d 174 6
e 180 6
f 186 6
g 192 6
h 198 6
i 204 6
j 210 6
k 216 6
l 222 6
m 228 6
n 234 6
o 240 6
p 246 6
q 252 6
r 258 6
s 264 6
t 270 6
u 276 6
v 282 6
w 288 6
x 294 6
y 300 6
z 306 6
` 312 6
1 318 6
2 324 6
3 330 6
4 336 6
5 342 6
6 348 6
7 354 6
8 360 6
9 366 6
0 372 6
- 378 6
= 384 6
~ 390 6
! 396 6
@ 402 6
# 408 6
$ 414 6
% 420 6
^ 426 6
& 432 6
* 438 6
( 444 6
) 450 6
_ 456 6
+ 462 6
[ 468 6 
] 474 6
{ 480 6
} 486 6
; 492 6 
' 498 6
: 504 6
" 510 6
, 516 6
. 522 6
/ 528 6
\ 534 6
< 540 6
> 546 6
? 552 6
| 558 6